WHITE=0.03356238677090195
BLACK=0.966437613229098