WHITE=0.028704256971343267
BLACK=0.9712957430286567