WHITE=0.02907279202877333
BLACK=0.9709272079712267