WHITE=0.033496947172838354
BLACK=0.9665030528271616